14735886473
52204740214
93409480439
186817970878
1064897689559
10624765674160
16772422416761
33533844844522
56078689678055
111166388365120
132730272026231
265350544063462
529710989117024
950422978134949
1899854857359008
9909392441948989
19807883884888088
107896732723758979
1087754059961457680
1955295759466035481
3800602409041961072
6502293818084021155
12013498626267943211
23248474888957374232
46495850877804858464
92981691755610717928
175953393411330336857
934586426525723696428
1759282754051348381867
9441121185555921211438
17782242481111732422887
96604666192230156651658
182220331295459323292327
905512655250051456314608
1711926309400104012530117
8822278413410153048821288
17643566816920296197543576
85178145986123258064078247
159465192071355427018265405
664028002795908597309830356
1317066906591718194510650822
3597627061509890150607257953
7195154122020879202214525906
13290408244050659404429041823
46104500684546264448709451054
91119991468992528997309991218
172339981848975058983729982337
905629909238825638831919915608
1712149828377662167664829842117
8824639113045274835403119254288
17649168226090659560806238618576
85230851486897255169868524813247
159462694073793410449736940616505
665078743711737424847107436881456
1319267378413485849584224784752022
3521842252638345335427373522381153
7033674506375590670865736044862406
13076358912751271431821472099625713
44829057940164084849037194084992744
89559005989337179697083299060085588
178117012088575259394256698010181186
859298022985227753346832578220893057
1609696045860466396704555167441786015
6716567493476020473641195852848755076
13422145976061931937381402596796411252
38633615745582350311295318664750533683
77267121492263709522600647219502167366
143643242083538310145191383448914343643
489986661927921501686205218829156689984
979973313856734004372310348558323379968
1849946637712577017645710786216636759947
9349523003839447193112818538394003259428
17599046008777805375226735987777006518867
94480606086556759137484086865557070618438
177962213162113627185957282631125131226887
966584344683249909945539008942386443496658
1823278689366499710881088918884772886982327
9056175572141387909682969098831412755705608
17121251144282776819375838196662825511422117
88243662697109446003233230064391069626634288
176487325393128792006466460128881249253268576
852349678335317613071131060426702642777053247
1594700455581525237131262230743416176653996505
6651694022297668707453883548068668032194071456
13193398934606337315907767095147335954399033022
35226498280559711474984538046520696598388372153
70353886670129314039068086993932492106677834406
130797764330258737979036173086973884214346669713
448764407742747117659407804066711736247814466744
896428826485384235319816509023423483495518934588
1781868642079768559640722127936955967080147759286
8611446052887464156037934398406514646782616441157
16122892215763928312086868795713029294665122882325
68451714372413220343846655663734412231416352704486
136892439733826441787583311328568714462843694419972
416806936082090859653406424714355859091181628718603
723624762263281818206823849318712817181462268327217
1436348624527463536424637797647315635363824535753544
5889923978811098901562105775011561989011078804189885
11779738067512208793213211550024213087912267597489770